(kicad_pcb (version 20171130) (host pcbnew "(5.1.5)-3")

  (general
    (thickness 1.6)
    (drawings 0)
    (tracks 33)
    (zones 0)
    (modules 18)
    (nets 40)
  )

  (page A4)
  (layers
    (0 F.Cu signal)
    (31 B.Cu signal)
    (32 B.Adhes user)
    (33 F.Adhes user)
    (34 B.Paste user)
    (35 F.Paste user)
    (36 B.SilkS user)
    (37 F.SilkS user)
    (38 B.Mask user)
    (39 F.Mask user)
    (40 Dwgs.User user)
    (41 Cmts.User user)
    (42 Eco1.User user)
    (43 Eco2.User user)
    (44 Edge.Cuts user)
    (45 Margin user)
    (46 B.CrtYd user)
    (47 F.CrtYd user)
    (48 B.Fab user)
    (49 F.Fab user)
  )

  (setup
    (last_trace_width 0.25)
    (trace_clearance 0.2)
    (zone_clearance 0.508)
    (zone_45_only no)
    (trace_min 0.2)
    (via_size 0.8)
    (via_drill 0.4)
    (via_min_size 0.4)
    (via_min_drill 0.3)
    (uvia_size 0.3)
    (uvia_drill 0.1)
    (uvias_allowed no)
    (uvia_min_size 0.2)
    (uvia_min_drill 0.1)
    (edge_width 0.05)
    (segment_width 0.2)
    (pcb_text_width 0.3)
    (pcb_text_size 1.5 1.5)
    (mod_edge_width 0.12)
    (mod_text_size 1 1)
    (mod_text_width 0.15)
    (pad_size 1.524 1.524)
    (pad_drill 0.762)
    (pad_to_mask_clearance 0.051)
    (solder_mask_min_width 0.25)
    (aux_axis_origin 0 0)
    (visible_elements 7FFFFFFF)
    (pcbplotparams
      (layerselection 0x010fc_ffffffff)
      (usegerberextensions false)
      (usegerberattributes false)
      (usegerberadvancedattributes false)
      (creategerberjobfile false)
      (excludeedgelayer true)
      (linewidth 0.100000)
      (plotframeref false)
      (viasonmask false)
      (mode 1)
      (useauxorigin false)
      (hpglpennumber 1)
      (hpglpenspeed 20)
      (hpglpendiameter 15.000000)
      (psnegative false)
      (psa4output false)
      (plotreference true)
      (plotvalue true)
      (plotinvisibletext false)
      (padsonsilk false)
      (subtractmaskfromsilk false)
      (outputformat 1)
      (mirror false)
      (drillshape 1)
      (scaleselection 1)
      (outputdirectory ""))
  )

  (net 0 "")
  (net 1 "Net-(U2-Pad13)")
  (net 2 "Net-(U2-Pad12)")
  (net 3 "Net-(U2-Pad11)")
  (net 4 "Net-(U2-Pad10)")
  (net 5 "Net-(U2-Pad9)")
  (net 6 GND)
  (net 7 5V)
  (net 8 VIN)
  (net 9 3V3)
  (net 10 "Net-(C8-Pad1)")
  (net 11 "Net-(C9-Pad1)")
  (net 12 "Net-(J1-Pad1)")
  (net 13 "Net-(J1-Pad2)")
  (net 14 "Net-(J1-Pad3)")
  (net 15 "Net-(J1-Pad4)")
  (net 16 TX1)
  (net 17 RX0)
  (net 18 RST)
  (net 19 D2)
  (net 20 D3)
  (net 21 D4)
  (net 22 D5)
  (net 23 D6)
  (net 24 D7)
  (net 25 D8)
  (net 26 D9)
  (net 27 D10)
  (net 28 D11)
  (net 29 D12)
  (net 30 A7)
  (net 31 A6)
  (net 32 A5)
  (net 33 A4)
  (net 34 A3)
  (net 35 A2)
  (net 36 A1)
  (net 37 A0)
  (net 38 REF)
  (net 39 D13)

  (net_class Default "This is the default net class."
    (clearance 0.2)
    (trace_width 0.25)
    (via_dia 0.8)
    (via_drill 0.4)
    (uvia_dia 0.3)
    (uvia_drill 0.1)
    (add_net 3V3)
    (add_net 5V)
    (add_net A0)
    (add_net A1)
    (add_net A2)
    (add_net A3)
    (add_net A4)
    (add_net A5)
    (add_net A6)
    (add_net A7)
    (add_net D10)
    (add_net D11)
    (add_net D12)
    (add_net D13)
    (add_net D2)
    (add_net D3)
    (add_net D4)
    (add_net D5)
    (add_net D6)
    (add_net D7)
    (add_net D8)
    (add_net D9)
    (add_net GND)
    (add_net "Net-(C8-Pad1)")
    (add_net "Net-(C9-Pad1)")
    (add_net "Net-(J1-Pad1)")
    (add_net "Net-(J1-Pad2)")
    (add_net "Net-(J1-Pad3)")
    (add_net "Net-(J1-Pad4)")
    (add_net "Net-(U2-Pad10)")
    (add_net "Net-(U2-Pad11)")
    (add_net "Net-(U2-Pad12)")
    (add_net "Net-(U2-Pad13)")
    (add_net "Net-(U2-Pad9)")
    (add_net REF)
    (add_net RST)
    (add_net RX0)
    (add_net TX1)
    (add_net VIN)
  )

  (module Package_LGA:LGA-24L_3x3.5mm_P0.43mm (layer F.Cu) (tedit 5A02F217) (tstamp 5E4CC79C)
    (at 99.06 105.41)
    (descr "LGA 24L 3x3.5mm Pitch 0.43mm")
    (tags "LGA 24L 3x3.5mm Pitch 0.43mm")
    (path /5E4DF41C)
    (attr smd)
    (fp_text reference U2 (at 0 -2.7) (layer F.SilkS)
      (effects (font (size 1 1) (thickness 0.15)))
    )
    (fp_text value LSM9DS1 (at 0 2.8) (layer F.Fab)
      (effects (font (size 1 1) (thickness 0.15)))
    )
    (fp_line (start -1.2 1.7) (end -1.95 1.7) (layer F.SilkS) (width 0.12))
    (fp_line (start 1.95 1) (end 1.95 1.7) (layer F.SilkS) (width 0.12))
    (fp_line (start -1.75 -1.5) (end 1.75 -1.5) (layer F.Fab) (width 0.1))
    (fp_line (start 1.75 -1.5) (end 1.75 1.5) (layer F.Fab) (width 0.1))
    (fp_line (start 1.75 1.5) (end -1.75 1.5) (layer F.Fab) (width 0.1))
    (fp_line (start -1.75 1.5) (end -1.75 -1.5) (layer F.Fab) (width 0.1))
    (fp_circle (center -1.3 -1) (end -1.3 -0.85) (layer F.Fab) (width 0.1))
    (fp_line (start 1.2 -1.7) (end 1.95 -1.7) (layer F.SilkS) (width 0.12))
    (fp_line (start 1.95 -1.7) (end 1.95 -1) (layer F.SilkS) (width 0.12))
    (fp_line (start 1.95 1.7) (end 1.2 1.7) (layer F.SilkS) (width 0.12))
    (fp_line (start -1.95 1.7) (end -1.95 1) (layer F.SilkS) (width 0.12))
    (fp_circle (center -1.95 -1.7) (end -1.8 -1.7) (layer F.SilkS) (width 0.12))
    (fp_line (start -2.1 -1.85) (end 2.1 -1.85) (layer F.CrtYd) (width 0.05))
    (fp_line (start 2.1 -1.85) (end 2.1 1.85) (layer F.CrtYd) (width 0.05))
    (fp_line (start 2.1 1.85) (end -2.1 1.85) (layer F.CrtYd) (width 0.05))
    (fp_line (start -2.1 1.85) (end -2.1 -1.85) (layer F.CrtYd) (width 0.05))
    (fp_circle (center -1.3 -1) (end -1.3 -0.95) (layer F.Fab) (width 0.1))
    (fp_circle (center -1.95 -1.7) (end -1.89 -1.7) (layer F.SilkS) (width 0.12))
    (fp_text user %R (at 0 -2.7) (layer F.Fab)
      (effects (font (size 1 1) (thickness 0.15)))
    )
    (pad 13 smd rect (at 1.505 1.225) (size 0.23 0.35) (layers F.Cu F.Paste F.Mask)
      (net 1 "Net-(U2-Pad13)"))
    (pad 12 smd rect (at 1.075 1.225) (size 0.23 0.35) (layers F.Cu F.Paste F.Mask)
      (net 2 "Net-(U2-Pad12)"))
    (pad 11 smd rect (at 0.645 1.225) (size 0.23 0.35) (layers F.Cu F.Paste F.Mask)
      (net 3 "Net-(U2-Pad11)"))
    (pad 10 smd rect (at 0.215 1.225) (size 0.23 0.35) (layers F.Cu F.Paste F.Mask)
      (net 4 "Net-(U2-Pad10)"))
    (pad 9 smd rect (at -0.215 1.225) (size 0.23 0.35) (layers F.Cu F.Paste F.Mask)
      (net 5 "Net-(U2-Pad9)"))
    (pad 8 smd rect (at -0.645 1.225) (size 0.23 0.35) (layers F.Cu F.Paste F.Mask)
      (net 9 3V3))
    (pad 7 smd rect (at -1.075 1.225) (size 0.23 0.35) (layers F.Cu F.Paste F.Mask)
      (net 9 3V3))
    (pad 6 smd rect (at -1.505 1.225) (size 0.23 0.35) (layers F.Cu F.Paste F.Mask)
      (net 9 3V3))
    (pad 18 smd rect (at 1.505 -1.225) (size 0.23 0.35) (layers F.Cu F.Paste F.Mask)
      (net 6 GND))
    (pad 19 smd rect (at 1.075 -1.225) (size 0.23 0.35) (layers F.Cu F.Paste F.Mask)
      (net 6 GND))
    (pad 20 smd rect (at 0.645 -1.225) (size 0.23 0.35) (layers F.Cu F.Paste F.Mask)
      (net 6 GND))
    (pad 21 smd rect (at 0.215 -1.225) (size 0.23 0.35) (layers F.Cu F.Paste F.Mask)
      (net 10 "Net-(C8-Pad1)"))
    (pad 22 smd rect (at -0.215 -1.225) (size 0.23 0.35) (layers F.Cu F.Paste F.Mask)
      (net 9 3V3))
    (pad 23 smd rect (at -0.645 -1.225) (size 0.23 0.35) (layers F.Cu F.Paste F.Mask)
      (net 9 3V3))
    (pad 24 smd rect (at -1.075 -1.225) (size 0.23 0.35) (layers F.Cu F.Paste F.Mask)
      (net 11 "Net-(C9-Pad1)"))
    (pad 14 smd rect (at 1.475 0.645) (size 0.35 0.23) (layers F.Cu F.Paste F.Mask)
      (net 6 GND))
    (pad 5 smd rect (at -1.475 0.645) (size 0.35 0.23) (layers F.Cu F.Paste F.Mask)
      (net 9 3V3))
    (pad 15 smd rect (at 1.475 0.215) (size 0.35 0.23) (layers F.Cu F.Paste F.Mask)
      (net 6 GND))
    (pad 4 smd rect (at -1.475 0.215) (size 0.35 0.23) (layers F.Cu F.Paste F.Mask)
      (net 33 A4))
    (pad 16 smd rect (at 1.475 -0.215) (size 0.35 0.23) (layers F.Cu F.Paste F.Mask)
      (net 6 GND))
    (pad 3 smd rect (at -1.475 -0.215) (size 0.35 0.23) (layers F.Cu F.Paste F.Mask)
      (net 9 3V3))
    (pad 17 smd rect (at 1.475 -0.645) (size 0.35 0.23) (layers F.Cu F.Paste F.Mask)
      (net 6 GND))
    (pad 2 smd rect (at -1.475 -0.645) (size 0.35 0.23) (layers F.Cu F.Paste F.Mask)
      (net 32 A5))
    (pad 1 smd rect (at -1.505 -1.225) (size 0.23 0.35) (layers F.Cu F.Paste F.Mask)
      (net 9 3V3))
    (model ${KISYS3DMOD}/Package_LGA.3dshapes/LGA-24L_3x3.5mm_P0.43mm.wrl
      (at (xyz 0 0 0))
      (scale (xyz 1 1 1))
      (rotate (xyz 0 0 0))
    )
  )

  (module Package_SO:SSOP-24_5.3x8.2mm_P0.65mm (layer F.Cu) (tedit 5A02F25C) (tstamp 5E4CC76D)
    (at 99.06 78.74 270)
    (descr "24-Lead Plastic Shrink Small Outline (SS)-5.30 mm Body [SSOP] (see Microchip Packaging Specification 00000049BS.pdf)")
    (tags "SSOP 0.65")
    (path /5E4DC689)
    (attr smd)
    (fp_text reference U1 (at 0 -5.25 90) (layer F.SilkS)
      (effects (font (size 1 1) (thickness 0.15)))
    )
    (fp_text value TB6612FNG (at 0 5.25 90) (layer F.Fab)
      (effects (font (size 1 1) (thickness 0.15)))
    )
    (fp_text user %R (at 0 0 90) (layer F.Fab)
      (effects (font (size 0.8 0.8) (thickness 0.15)))
    )
    (fp_line (start -2.875 -4.1) (end -4.475 -4.1) (layer F.SilkS) (width 0.15))
    (fp_line (start -2.875 4.325) (end 2.875 4.325) (layer F.SilkS) (width 0.15))
    (fp_line (start -2.875 -4.325) (end 2.875 -4.325) (layer F.SilkS) (width 0.15))
    (fp_line (start -2.875 4.325) (end -2.875 4.025) (layer F.SilkS) (width 0.15))
    (fp_line (start 2.875 4.325) (end 2.875 4.025) (layer F.SilkS) (width 0.15))
    (fp_line (start 2.875 -4.325) (end 2.875 -4.025) (layer F.SilkS) (width 0.15))
    (fp_line (start -2.875 -4.325) (end -2.875 -4.1) (layer F.SilkS) (width 0.15))
    (fp_line (start -4.75 4.5) (end 4.75 4.5) (layer F.CrtYd) (width 0.05))
    (fp_line (start -4.75 -4.5) (end 4.75 -4.5) (layer F.CrtYd) (width 0.05))
    (fp_line (start 4.75 -4.5) (end 4.75 4.5) (layer F.CrtYd) (width 0.05))
    (fp_line (start -4.75 -4.5) (end -4.75 4.5) (layer F.CrtYd) (width 0.05))
    (fp_line (start -2.65 -3.1) (end -1.65 -4.1) (layer F.Fab) (width 0.15))
    (fp_line (start -2.65 4.1) (end -2.65 -3.1) (layer F.Fab) (width 0.15))
    (fp_line (start 2.65 4.1) (end -2.65 4.1) (layer F.Fab) (width 0.15))
    (fp_line (start 2.65 -4.1) (end 2.65 4.1) (layer F.Fab) (width 0.15))
    (fp_line (start -1.65 -4.1) (end 2.65 -4.1) (layer F.Fab) (width 0.15))
    (pad 24 smd rect (at 3.6 -3.575 270) (size 1.75 0.45) (layers F.Cu F.Paste F.Mask)
      (net 8 VIN))
    (pad 23 smd rect (at 3.6 -2.925 270) (size 1.75 0.45) (layers F.Cu F.Paste F.Mask)
      (net 26 D9))
    (pad 22 smd rect (at 3.6 -2.275 270) (size 1.75 0.45) (layers F.Cu F.Paste F.Mask)
      (net 25 D8))
    (pad 21 smd rect (at 3.6 -1.625 270) (size 1.75 0.45) (layers F.Cu F.Paste F.Mask)
      (net 24 D7))
    (pad 20 smd rect (at 3.6 -0.975 270) (size 1.75 0.45) (layers F.Cu F.Paste F.Mask)
      (net 7 5V))
    (pad 19 smd rect (at 3.6 -0.325 270) (size 1.75 0.45) (layers F.Cu F.Paste F.Mask)
      (net 23 D6))
    (pad 18 smd rect (at 3.6 0.325 270) (size 1.75 0.45) (layers F.Cu F.Paste F.Mask)
      (net 6 GND))
    (pad 17 smd rect (at 3.6 0.975 270) (size 1.75 0.45) (layers F.Cu F.Paste F.Mask)
      (net 22 D5))
    (pad 16 smd rect (at 3.6 1.625 270) (size 1.75 0.45) (layers F.Cu F.Paste F.Mask)
      (net 21 D4))
    (pad 15 smd rect (at 3.6 2.275 270) (size 1.75 0.45) (layers F.Cu F.Paste F.Mask)
      (net 20 D3))
    (pad 14 smd rect (at 3.6 2.925 270) (size 1.75 0.45) (layers F.Cu F.Paste F.Mask)
      (net 8 VIN))
    (pad 13 smd rect (at 3.6 3.575 270) (size 1.75 0.45) (layers F.Cu F.Paste F.Mask)
      (net 8 VIN))
    (pad 12 smd rect (at -3.6 3.575 270) (size 1.75 0.45) (layers F.Cu F.Paste F.Mask)
      (net 14 "Net-(J1-Pad3)"))
    (pad 11 smd rect (at -3.6 2.925 270) (size 1.75 0.45) (layers F.Cu F.Paste F.Mask)
      (net 14 "Net-(J1-Pad3)"))
    (pad 10 smd rect (at -3.6 2.275 270) (size 1.75 0.45) (layers F.Cu F.Paste F.Mask)
      (net 6 GND))
    (pad 9 smd rect (at -3.6 1.625 270) (size 1.75 0.45) (layers F.Cu F.Paste F.Mask)
      (net 6 GND))
    (pad 8 smd rect (at -3.6 0.975 270) (size 1.75 0.45) (layers F.Cu F.Paste F.Mask)
      (net 15 "Net-(J1-Pad4)"))
    (pad 7 smd rect (at -3.6 0.325 270) (size 1.75 0.45) (layers F.Cu F.Paste F.Mask)
      (net 15 "Net-(J1-Pad4)"))
    (pad 6 smd rect (at -3.6 -0.325 270) (size 1.75 0.45) (layers F.Cu F.Paste F.Mask)
      (net 13 "Net-(J1-Pad2)"))
    (pad 5 smd rect (at -3.6 -0.975 270) (size 1.75 0.45) (layers F.Cu F.Paste F.Mask)
      (net 13 "Net-(J1-Pad2)"))
    (pad 4 smd rect (at -3.6 -1.625 270) (size 1.75 0.45) (layers F.Cu F.Paste F.Mask)
      (net 6 GND))
    (pad 3 smd rect (at -3.6 -2.275 270) (size 1.75 0.45) (layers F.Cu F.Paste F.Mask)
      (net 6 GND))
    (pad 2 smd rect (at -3.6 -2.925 270) (size 1.75 0.45) (layers F.Cu F.Paste F.Mask)
      (net 12 "Net-(J1-Pad1)"))
    (pad 1 smd rect (at -3.6 -3.575 270) (size 1.75 0.45) (layers F.Cu F.Paste F.Mask)
      (net 12 "Net-(J1-Pad1)"))
    (model ${KISYS3DMOD}/Package_SO.3dshapes/SSOP-24_5.3x8.2mm_P0.65mm.wrl
      (at (xyz 0 0 0))
      (scale (xyz 1 1 1))
      (rotate (xyz 0 0 0))
    )
  )

  (module Connector_PinSocket_2.54mm:PinSocket_2x15_P2.54mm_Vertical (layer F.Cu) (tedit 5A19A42E) (tstamp 5E526DD3)
    (at 109.22 72.39)
    (descr "Through hole straight socket strip, 2x15, 2.54mm pitch, double cols (from Kicad 4.0.7), script generated")
    (tags "Through hole socket strip THT 2x15 2.54mm double row")
    (path /5E50BAC2)
    (fp_text reference J2 (at -1.27 -2.77) (layer F.SilkS)
      (effects (font (size 1 1) (thickness 0.15)))
    )
    (fp_text value Conn_02x15_Top_Bottom (at -1.27 38.33) (layer F.Fab)
      (effects (font (size 1 1) (thickness 0.15)))
    )
    (fp_line (start -3.81 -1.27) (end 0.27 -1.27) (layer F.Fab) (width 0.1))
    (fp_line (start 0.27 -1.27) (end 1.27 -0.27) (layer F.Fab) (width 0.1))
    (fp_line (start 1.27 -0.27) (end 1.27 36.83) (layer F.Fab) (width 0.1))
    (fp_line (start 1.27 36.83) (end -3.81 36.83) (layer F.Fab) (width 0.1))
    (fp_line (start -3.81 36.83) (end -3.81 -1.27) (layer F.Fab) (width 0.1))
    (fp_line (start -3.87 -1.33) (end -1.27 -1.33) (layer F.SilkS) (width 0.12))
    (fp_line (start -3.87 -1.33) (end -3.87 36.89) (layer F.SilkS) (width 0.12))
    (fp_line (start -3.87 36.89) (end 1.33 36.89) (layer F.SilkS) (width 0.12))
    (fp_line (start 1.33 1.27) (end 1.33 36.89) (layer F.SilkS) (width 0.12))
    (fp_line (start -1.27 1.27) (end 1.33 1.27) (layer F.SilkS) (width 0.12))
    (fp_line (start -1.27 -1.33) (end -1.27 1.27) (layer F.SilkS) (width 0.12))
    (fp_line (start 1.33 -1.33) (end 1.33 0) (layer F.SilkS) (width 0.12))
    (fp_line (start 0 -1.33) (end 1.33 -1.33) (layer F.SilkS) (width 0.12))
    (fp_line (start -4.34 -1.8) (end 1.76 -1.8) (layer F.CrtYd) (width 0.05))
    (fp_line (start 1.76 -1.8) (end 1.76 37.3) (layer F.CrtYd) (width 0.05))
    (fp_line (start 1.76 37.3) (end -4.34 37.3) (layer F.CrtYd) (width 0.05))
    (fp_line (start -4.34 37.3) (end -4.34 -1.8) (layer F.CrtYd) (width 0.05))
    (fp_text user %R (at -1.27 17.78 90) (layer F.Fab)
      (effects (font (size 1 1) (thickness 0.15)))
    )
    (pad 1 thru_hole rect (at 0 0) (size 1.7 1.7) (drill 1) (layers *.Cu *.Mask)
      (net 16 TX1))
    (pad 2 thru_hole oval (at -2.54 0) (size 1.7 1.7) (drill 1) (layers *.Cu *.Mask)
      (net 16 TX1))
    (pad 3 thru_hole oval (at 0 2.54) (size 1.7 1.7) (drill 1) (layers *.Cu *.Mask)
      (net 17 RX0))
    (pad 4 thru_hole oval (at -2.54 2.54) (size 1.7 1.7) (drill 1) (layers *.Cu *.Mask)
      (net 17 RX0))
    (pad 5 thru_hole oval (at 0 5.08) (size 1.7 1.7) (drill 1) (layers *.Cu *.Mask)
      (net 18 RST))
    (pad 6 thru_hole oval (at -2.54 5.08) (size 1.7 1.7) (drill 1) (layers *.Cu *.Mask)
      (net 18 RST))
    (pad 7 thru_hole oval (at 0 7.62) (size 1.7 1.7) (drill 1) (layers *.Cu *.Mask)
      (net 6 GND))
    (pad 8 thru_hole oval (at -2.54 7.62) (size 1.7 1.7) (drill 1) (layers *.Cu *.Mask)
      (net 6 GND))
    (pad 9 thru_hole oval (at 0 10.16) (size 1.7 1.7) (drill 1) (layers *.Cu *.Mask)
      (net 19 D2))
    (pad 10 thru_hole oval (at -2.54 10.16) (size 1.7 1.7) (drill 1) (layers *.Cu *.Mask)
      (net 19 D2))
    (pad 11 thru_hole oval (at 0 12.7) (size 1.7 1.7) (drill 1) (layers *.Cu *.Mask)
      (net 20 D3))
    (pad 12 thru_hole oval (at -2.54 12.7) (size 1.7 1.7) (drill 1) (layers *.Cu *.Mask)
      (net 20 D3))
    (pad 13 thru_hole oval (at 0 15.24) (size 1.7 1.7) (drill 1) (layers *.Cu *.Mask)
      (net 21 D4))
    (pad 14 thru_hole oval (at -2.54 15.24) (size 1.7 1.7) (drill 1) (layers *.Cu *.Mask)
      (net 21 D4))
    (pad 15 thru_hole oval (at 0 17.78) (size 1.7 1.7) (drill 1) (layers *.Cu *.Mask)
      (net 22 D5))
    (pad 16 thru_hole oval (at -2.54 17.78) (size 1.7 1.7) (drill 1) (layers *.Cu *.Mask)
      (net 22 D5))
    (pad 17 thru_hole oval (at 0 20.32) (size 1.7 1.7) (drill 1) (layers *.Cu *.Mask)
      (net 23 D6))
    (pad 18 thru_hole oval (at -2.54 20.32) (size 1.7 1.7) (drill 1) (layers *.Cu *.Mask)
      (net 23 D6))
    (pad 19 thru_hole oval (at 0 22.86) (size 1.7 1.7) (drill 1) (layers *.Cu *.Mask)
      (net 24 D7))
    (pad 20 thru_hole oval (at -2.54 22.86) (size 1.7 1.7) (drill 1) (layers *.Cu *.Mask)
      (net 24 D7))
    (pad 21 thru_hole oval (at 0 25.4) (size 1.7 1.7) (drill 1) (layers *.Cu *.Mask)
      (net 25 D8))
    (pad 22 thru_hole oval (at -2.54 25.4) (size 1.7 1.7) (drill 1) (layers *.Cu *.Mask)
      (net 25 D8))
    (pad 23 thru_hole oval (at 0 27.94) (size 1.7 1.7) (drill 1) (layers *.Cu *.Mask)
      (net 26 D9))
    (pad 24 thru_hole oval (at -2.54 27.94) (size 1.7 1.7) (drill 1) (layers *.Cu *.Mask)
      (net 26 D9))
    (pad 25 thru_hole oval (at 0 30.48) (size 1.7 1.7) (drill 1) (layers *.Cu *.Mask)
      (net 27 D10))
    (pad 26 thru_hole oval (at -2.54 30.48) (size 1.7 1.7) (drill 1) (layers *.Cu *.Mask)
      (net 27 D10))
    (pad 27 thru_hole oval (at 0 33.02) (size 1.7 1.7) (drill 1) (layers *.Cu *.Mask)
      (net 28 D11))
    (pad 28 thru_hole oval (at -2.54 33.02) (size 1.7 1.7) (drill 1) (layers *.Cu *.Mask)
      (net 28 D11))
    (pad 29 thru_hole oval (at 0 35.56) (size 1.7 1.7) (drill 1) (layers *.Cu *.Mask)
      (net 29 D12))
    (pad 30 thru_hole oval (at -2.54 35.56) (size 1.7 1.7) (drill 1) (layers *.Cu *.Mask)
      (net 29 D12))
    (model ${KISYS3DMOD}/Connector_PinSocket_2.54mm.3dshapes/PinSocket_2x15_P2.54mm_Vertical.wrl
      (at (xyz 0 0 0))
      (scale (xyz 1 1 1))
      (rotate (xyz 0 0 0))
    )
  )

  (module Capacitor_SMD:C_0603_1608Metric (layer F.Cu) (tedit 5B301BBE) (tstamp 5E5455C5)
    (at 102.87 91.57 270)
    (descr "Capacitor SMD 0603 (1608 Metric), square (rectangular) end terminal, IPC_7351 nominal, (Body size source: http://www.tortai-tech.com/upload/download/2011102023233369053.pdf), generated with kicad-footprint-generator")
    (tags capacitor)
    (path /5E58DEAB)
    (attr smd)
    (fp_text reference C1 (at 0 -1.43 90) (layer F.SilkS)
      (effects (font (size 1 1) (thickness 0.15)))
    )
    (fp_text value 0.1uF (at 0 1.43 90) (layer F.Fab)
      (effects (font (size 1 1) (thickness 0.15)))
    )
    (fp_text user %R (at 0 0 90) (layer F.Fab)
      (effects (font (size 0.4 0.4) (thickness 0.06)))
    )
    (fp_line (start 1.48 0.73) (end -1.48 0.73) (layer F.CrtYd) (width 0.05))
    (fp_line (start 1.48 -0.73) (end 1.48 0.73) (layer F.CrtYd) (width 0.05))
    (fp_line (start -1.48 -0.73) (end 1.48 -0.73) (layer F.CrtYd) (width 0.05))
    (fp_line (start -1.48 0.73) (end -1.48 -0.73) (layer F.CrtYd) (width 0.05))
    (fp_line (start -0.162779 0.51) (end 0.162779 0.51) (layer F.SilkS) (width 0.12))
    (fp_line (start -0.162779 -0.51) (end 0.162779 -0.51) (layer F.SilkS) (width 0.12))
    (fp_line (start 0.8 0.4) (end -0.8 0.4) (layer F.Fab) (width 0.1))
    (fp_line (start 0.8 -0.4) (end 0.8 0.4) (layer F.Fab) (width 0.1))
    (fp_line (start -0.8 -0.4) (end 0.8 -0.4) (layer F.Fab) (width 0.1))
    (fp_line (start -0.8 0.4) (end -0.8 -0.4) (layer F.Fab) (width 0.1))
    (pad 2 smd roundrect (at 0.7875 0 270) (size 0.875 0.95) (layers F.Cu F.Paste F.Mask) (roundrect_rratio 0.25)
      (net 6 GND))
    (pad 1 smd roundrect (at -0.7875 0 270) (size 0.875 0.95) (layers F.Cu F.Paste F.Mask) (roundrect_rratio 0.25)
      (net 7 5V))
    (model ${KISYS3DMOD}/Capacitor_SMD.3dshapes/C_0603_1608Metric.wrl
      (at (xyz 0 0 0))
      (scale (xyz 1 1 1))
      (rotate (xyz 0 0 0))
    )
  )

  (module Capacitor_SMD:C_0805_2012Metric (layer F.Cu) (tedit 5B36C52B) (tstamp 5E5455D5)
    (at 102.87 86.49 270)
    (descr "Capacitor SMD 0805 (2012 Metric), square (rectangular) end terminal, IPC_7351 nominal, (Body size source: https://docs.google.com/spreadsheets/d/1BsfQQcO9C6DZCsRaXUlFlo91Tg2WpOkGARC1WS5S8t0/edit?usp=sharing), generated with kicad-footprint-generator")
    (tags capacitor)
    (path /5E5ADB00)
    (attr smd)
    (fp_text reference C2 (at 0 -1.65 90) (layer F.SilkS)
      (effects (font (size 1 1) (thickness 0.15)))
    )
    (fp_text value 10uF (at 0 1.65 90) (layer F.Fab)
      (effects (font (size 1 1) (thickness 0.15)))
    )
    (fp_text user %R (at 0 0 90) (layer F.Fab)
      (effects (font (size 0.5 0.5) (thickness 0.08)))
    )
    (fp_line (start 1.68 0.95) (end -1.68 0.95) (layer F.CrtYd) (width 0.05))
    (fp_line (start 1.68 -0.95) (end 1.68 0.95) (layer F.CrtYd) (width 0.05))
    (fp_line (start -1.68 -0.95) (end 1.68 -0.95) (layer F.CrtYd) (width 0.05))
    (fp_line (start -1.68 0.95) (end -1.68 -0.95) (layer F.CrtYd) (width 0.05))
    (fp_line (start -0.258578 0.71) (end 0.258578 0.71) (layer F.SilkS) (width 0.12))
    (fp_line (start -0.258578 -0.71) (end 0.258578 -0.71) (layer F.SilkS) (width 0.12))
    (fp_line (start 1 0.6) (end -1 0.6) (layer F.Fab) (width 0.1))
    (fp_line (start 1 -0.6) (end 1 0.6) (layer F.Fab) (width 0.1))
    (fp_line (start -1 -0.6) (end 1 -0.6) (layer F.Fab) (width 0.1))
    (fp_line (start -1 0.6) (end -1 -0.6) (layer F.Fab) (width 0.1))
    (pad 2 smd roundrect (at 0.9375 0 270) (size 0.975 1.4) (layers F.Cu F.Paste F.Mask) (roundrect_rratio 0.25)
      (net 6 GND))
    (pad 1 smd roundrect (at -0.9375 0 270) (size 0.975 1.4) (layers F.Cu F.Paste F.Mask) (roundrect_rratio 0.25)
      (net 7 5V))
    (model ${KISYS3DMOD}/Capacitor_SMD.3dshapes/C_0805_2012Metric.wrl
      (at (xyz 0 0 0))
      (scale (xyz 1 1 1))
      (rotate (xyz 0 0 0))
    )
  )

  (module Capacitor_SMD:C_0603_1608Metric (layer F.Cu) (tedit 5B301BBE) (tstamp 5E5455E5)
    (at 99.06 86.23 270)
    (descr "Capacitor SMD 0603 (1608 Metric), square (rectangular) end terminal, IPC_7351 nominal, (Body size source: http://www.tortai-tech.com/upload/download/2011102023233369053.pdf), generated with kicad-footprint-generator")
    (tags capacitor)
    (path /5E546099)
    (attr smd)
    (fp_text reference C3 (at 0 -1.43 90) (layer F.SilkS)
      (effects (font (size 1 1) (thickness 0.15)))
    )
    (fp_text value 0.1uF (at 0 1.43 90) (layer F.Fab)
      (effects (font (size 1 1) (thickness 0.15)))
    )
    (fp_line (start -0.8 0.4) (end -0.8 -0.4) (layer F.Fab) (width 0.1))
    (fp_line (start -0.8 -0.4) (end 0.8 -0.4) (layer F.Fab) (width 0.1))
    (fp_line (start 0.8 -0.4) (end 0.8 0.4) (layer F.Fab) (width 0.1))
    (fp_line (start 0.8 0.4) (end -0.8 0.4) (layer F.Fab) (width 0.1))
    (fp_line (start -0.162779 -0.51) (end 0.162779 -0.51) (layer F.SilkS) (width 0.12))
    (fp_line (start -0.162779 0.51) (end 0.162779 0.51) (layer F.SilkS) (width 0.12))
    (fp_line (start -1.48 0.73) (end -1.48 -0.73) (layer F.CrtYd) (width 0.05))
    (fp_line (start -1.48 -0.73) (end 1.48 -0.73) (layer F.CrtYd) (width 0.05))
    (fp_line (start 1.48 -0.73) (end 1.48 0.73) (layer F.CrtYd) (width 0.05))
    (fp_line (start 1.48 0.73) (end -1.48 0.73) (layer F.CrtYd) (width 0.05))
    (fp_text user %R (at 0 0 90) (layer F.Fab)
      (effects (font (size 0.4 0.4) (thickness 0.06)))
    )
    (pad 1 smd roundrect (at -0.7875 0 270) (size 0.875 0.95) (layers F.Cu F.Paste F.Mask) (roundrect_rratio 0.25)
      (net 8 VIN))
    (pad 2 smd roundrect (at 0.7875 0 270) (size 0.875 0.95) (layers F.Cu F.Paste F.Mask) (roundrect_rratio 0.25)
      (net 6 GND))
    (model ${KISYS3DMOD}/Capacitor_SMD.3dshapes/C_0603_1608Metric.wrl
      (at (xyz 0 0 0))
      (scale (xyz 1 1 1))
      (rotate (xyz 0 0 0))
    )
  )

  (module Capacitor_SMD:C_0805_2012Metric (layer F.Cu) (tedit 5B36C52B) (tstamp 5E5455F5)
    (at 95.25 86.23 270)
    (descr "Capacitor SMD 0805 (2012 Metric), square (rectangular) end terminal, IPC_7351 nominal, (Body size source: https://docs.google.com/spreadsheets/d/1BsfQQcO9C6DZCsRaXUlFlo91Tg2WpOkGARC1WS5S8t0/edit?usp=sharing), generated with kicad-footprint-generator")
    (tags capacitor)
    (path /5E5ACC00)
    (attr smd)
    (fp_text reference C4 (at 0 -1.65 90) (layer F.SilkS)
      (effects (font (size 1 1) (thickness 0.15)))
    )
    (fp_text value 10uF (at 0 1.65 90) (layer F.Fab)
      (effects (font (size 1 1) (thickness 0.15)))
    )
    (fp_line (start -1 0.6) (end -1 -0.6) (layer F.Fab) (width 0.1))
    (fp_line (start -1 -0.6) (end 1 -0.6) (layer F.Fab) (width 0.1))
    (fp_line (start 1 -0.6) (end 1 0.6) (layer F.Fab) (width 0.1))
    (fp_line (start 1 0.6) (end -1 0.6) (layer F.Fab) (width 0.1))
    (fp_line (start -0.258578 -0.71) (end 0.258578 -0.71) (layer F.SilkS) (width 0.12))
    (fp_line (start -0.258578 0.71) (end 0.258578 0.71) (layer F.SilkS) (width 0.12))
    (fp_line (start -1.68 0.95) (end -1.68 -0.95) (layer F.CrtYd) (width 0.05))
    (fp_line (start -1.68 -0.95) (end 1.68 -0.95) (layer F.CrtYd) (width 0.05))
    (fp_line (start 1.68 -0.95) (end 1.68 0.95) (layer F.CrtYd) (width 0.05))
    (fp_line (start 1.68 0.95) (end -1.68 0.95) (layer F.CrtYd) (width 0.05))
    (fp_text user %R (at 0 0 90) (layer F.Fab)
      (effects (font (size 0.5 0.5) (thickness 0.08)))
    )
    (pad 1 smd roundrect (at -0.9375 0 270) (size 0.975 1.4) (layers F.Cu F.Paste F.Mask) (roundrect_rratio 0.25)
      (net 8 VIN))
    (pad 2 smd roundrect (at 0.9375 0 270) (size 0.975 1.4) (layers F.Cu F.Paste F.Mask) (roundrect_rratio 0.25)
      (net 6 GND))
    (model ${KISYS3DMOD}/Capacitor_SMD.3dshapes/C_0805_2012Metric.wrl
      (at (xyz 0 0 0))
      (scale (xyz 1 1 1))
      (rotate (xyz 0 0 0))
    )
  )

  (module Capacitor_SMD:C_0805_2012Metric (layer F.Cu) (tedit 5B36C52B) (tstamp 5E545605)
    (at 136.765001 74.745001)
    (descr "Capacitor SMD 0805 (2012 Metric), square (rectangular) end terminal, IPC_7351 nominal, (Body size source: https://docs.google.com/spreadsheets/d/1BsfQQcO9C6DZCsRaXUlFlo91Tg2WpOkGARC1WS5S8t0/edit?usp=sharing), generated with kicad-footprint-generator")
    (tags capacitor)
    (path /5E73342D)
    (attr smd)
    (fp_text reference C5 (at 0 -1.65) (layer F.SilkS)
      (effects (font (size 1 1) (thickness 0.15)))
    )
    (fp_text value 100nF (at 0 1.65) (layer F.Fab)
      (effects (font (size 1 1) (thickness 0.15)))
    )
    (fp_line (start -1 0.6) (end -1 -0.6) (layer F.Fab) (width 0.1))
    (fp_line (start -1 -0.6) (end 1 -0.6) (layer F.Fab) (width 0.1))
    (fp_line (start 1 -0.6) (end 1 0.6) (layer F.Fab) (width 0.1))
    (fp_line (start 1 0.6) (end -1 0.6) (layer F.Fab) (width 0.1))
    (fp_line (start -0.258578 -0.71) (end 0.258578 -0.71) (layer F.SilkS) (width 0.12))
    (fp_line (start -0.258578 0.71) (end 0.258578 0.71) (layer F.SilkS) (width 0.12))
    (fp_line (start -1.68 0.95) (end -1.68 -0.95) (layer F.CrtYd) (width 0.05))
    (fp_line (start -1.68 -0.95) (end 1.68 -0.95) (layer F.CrtYd) (width 0.05))
    (fp_line (start 1.68 -0.95) (end 1.68 0.95) (layer F.CrtYd) (width 0.05))
    (fp_line (start 1.68 0.95) (end -1.68 0.95) (layer F.CrtYd) (width 0.05))
    (fp_text user %R (at 0 0) (layer F.Fab)
      (effects (font (size 0.5 0.5) (thickness 0.08)))
    )
    (pad 1 smd roundrect (at -0.9375 0) (size 0.975 1.4) (layers F.Cu F.Paste F.Mask) (roundrect_rratio 0.25)
      (net 9 3V3))
    (pad 2 smd roundrect (at 0.9375 0) (size 0.975 1.4) (layers F.Cu F.Paste F.Mask) (roundrect_rratio 0.25)
      (net 6 GND))
    (model ${KISYS3DMOD}/Capacitor_SMD.3dshapes/C_0805_2012Metric.wrl
      (at (xyz 0 0 0))
      (scale (xyz 1 1 1))
      (rotate (xyz 0 0 0))
    )
  )

  (module Capacitor_SMD:C_0603_1608Metric (layer F.Cu) (tedit 5B301BBE) (tstamp 5E545615)
    (at 139.215001 74.745001)
    (descr "Capacitor SMD 0603 (1608 Metric), square (rectangular) end terminal, IPC_7351 nominal, (Body size source: http://www.tortai-tech.com/upload/download/2011102023233369053.pdf), generated with kicad-footprint-generator")
    (tags capacitor)
    (path /5E731103)
    (attr smd)
    (fp_text reference C6 (at 0 -1.43) (layer F.SilkS)
      (effects (font (size 1 1) (thickness 0.15)))
    )
    (fp_text value 10nF (at 0 1.43) (layer F.Fab)
      (effects (font (size 1 1) (thickness 0.15)))
    )
    (fp_text user %R (at 0 0) (layer F.Fab)
      (effects (font (size 0.4 0.4) (thickness 0.06)))
    )
    (fp_line (start 1.48 0.73) (end -1.48 0.73) (layer F.CrtYd) (width 0.05))
    (fp_line (start 1.48 -0.73) (end 1.48 0.73) (layer F.CrtYd) (width 0.05))
    (fp_line (start -1.48 -0.73) (end 1.48 -0.73) (layer F.CrtYd) (width 0.05))
    (fp_line (start -1.48 0.73) (end -1.48 -0.73) (layer F.CrtYd) (width 0.05))
    (fp_line (start -0.162779 0.51) (end 0.162779 0.51) (layer F.SilkS) (width 0.12))
    (fp_line (start -0.162779 -0.51) (end 0.162779 -0.51) (layer F.SilkS) (width 0.12))
    (fp_line (start 0.8 0.4) (end -0.8 0.4) (layer F.Fab) (width 0.1))
    (fp_line (start 0.8 -0.4) (end 0.8 0.4) (layer F.Fab) (width 0.1))
    (fp_line (start -0.8 -0.4) (end 0.8 -0.4) (layer F.Fab) (width 0.1))
    (fp_line (start -0.8 0.4) (end -0.8 -0.4) (layer F.Fab) (width 0.1))
    (pad 2 smd roundrect (at 0.7875 0) (size 0.875 0.95) (layers F.Cu F.Paste F.Mask) (roundrect_rratio 0.25)
      (net 6 GND))
    (pad 1 smd roundrect (at -0.7875 0) (size 0.875 0.95) (layers F.Cu F.Paste F.Mask) (roundrect_rratio 0.25)
      (net 9 3V3))
    (model ${KISYS3DMOD}/Capacitor_SMD.3dshapes/C_0603_1608Metric.wrl
      (at (xyz 0 0 0))
      (scale (xyz 1 1 1))
      (rotate (xyz 0 0 0))
    )
  )

  (module Capacitor_SMD:C_0805_2012Metric (layer F.Cu) (tedit 5B36C52B) (tstamp 5E545625)
    (at 141.665001 74.745001)
    (descr "Capacitor SMD 0805 (2012 Metric), square (rectangular) end terminal, IPC_7351 nominal, (Body size source: https://docs.google.com/spreadsheets/d/1BsfQQcO9C6DZCsRaXUlFlo91Tg2WpOkGARC1WS5S8t0/edit?usp=sharing), generated with kicad-footprint-generator")
    (tags capacitor)
    (path /5E732AB1)
    (attr smd)
    (fp_text reference C7 (at 0 -1.65) (layer F.SilkS)
      (effects (font (size 1 1) (thickness 0.15)))
    )
    (fp_text value 100nF (at 0 1.65) (layer F.Fab)
      (effects (font (size 1 1) (thickness 0.15)))
    )
    (fp_text user %R (at 0 0) (layer F.Fab)
      (effects (font (size 0.5 0.5) (thickness 0.08)))
    )
    (fp_line (start 1.68 0.95) (end -1.68 0.95) (layer F.CrtYd) (width 0.05))
    (fp_line (start 1.68 -0.95) (end 1.68 0.95) (layer F.CrtYd) (width 0.05))
    (fp_line (start -1.68 -0.95) (end 1.68 -0.95) (layer F.CrtYd) (width 0.05))
    (fp_line (start -1.68 0.95) (end -1.68 -0.95) (layer F.CrtYd) (width 0.05))
    (fp_line (start -0.258578 0.71) (end 0.258578 0.71) (layer F.SilkS) (width 0.12))
    (fp_line (start -0.258578 -0.71) (end 0.258578 -0.71) (layer F.SilkS) (width 0.12))
    (fp_line (start 1 0.6) (end -1 0.6) (layer F.Fab) (width 0.1))
    (fp_line (start 1 -0.6) (end 1 0.6) (layer F.Fab) (width 0.1))
    (fp_line (start -1 -0.6) (end 1 -0.6) (layer F.Fab) (width 0.1))
    (fp_line (start -1 0.6) (end -1 -0.6) (layer F.Fab) (width 0.1))
    (pad 2 smd roundrect (at 0.9375 0) (size 0.975 1.4) (layers F.Cu F.Paste F.Mask) (roundrect_rratio 0.25)
      (net 6 GND))
    (pad 1 smd roundrect (at -0.9375 0) (size 0.975 1.4) (layers F.Cu F.Paste F.Mask) (roundrect_rratio 0.25)
      (net 9 3V3))
    (model ${KISYS3DMOD}/Capacitor_SMD.3dshapes/C_0805_2012Metric.wrl
      (at (xyz 0 0 0))
      (scale (xyz 1 1 1))
      (rotate (xyz 0 0 0))
    )
  )

  (module Capacitor_SMD:C_0603_1608Metric (layer F.Cu) (tedit 5B301BBE) (tstamp 5E545635)
    (at 131.865001 76.495001)
    (descr "Capacitor SMD 0603 (1608 Metric), square (rectangular) end terminal, IPC_7351 nominal, (Body size source: http://www.tortai-tech.com/upload/download/2011102023233369053.pdf), generated with kicad-footprint-generator")
    (tags capacitor)
    (path /5E6E884E)
    (attr smd)
    (fp_text reference C8 (at 0 -1.43) (layer F.SilkS)
      (effects (font (size 1 1) (thickness 0.15)))
    )
    (fp_text value 10nF (at 0 1.43) (layer F.Fab)
      (effects (font (size 1 1) (thickness 0.15)))
    )
    (fp_line (start -0.8 0.4) (end -0.8 -0.4) (layer F.Fab) (width 0.1))
    (fp_line (start -0.8 -0.4) (end 0.8 -0.4) (layer F.Fab) (width 0.1))
    (fp_line (start 0.8 -0.4) (end 0.8 0.4) (layer F.Fab) (width 0.1))
    (fp_line (start 0.8 0.4) (end -0.8 0.4) (layer F.Fab) (width 0.1))
    (fp_line (start -0.162779 -0.51) (end 0.162779 -0.51) (layer F.SilkS) (width 0.12))
    (fp_line (start -0.162779 0.51) (end 0.162779 0.51) (layer F.SilkS) (width 0.12))
    (fp_line (start -1.48 0.73) (end -1.48 -0.73) (layer F.CrtYd) (width 0.05))
    (fp_line (start -1.48 -0.73) (end 1.48 -0.73) (layer F.CrtYd) (width 0.05))
    (fp_line (start 1.48 -0.73) (end 1.48 0.73) (layer F.CrtYd) (width 0.05))
    (fp_line (start 1.48 0.73) (end -1.48 0.73) (layer F.CrtYd) (width 0.05))
    (fp_text user %R (at 0 0) (layer F.Fab)
      (effects (font (size 0.4 0.4) (thickness 0.06)))
    )
    (pad 1 smd roundrect (at -0.7875 0) (size 0.875 0.95) (layers F.Cu F.Paste F.Mask) (roundrect_rratio 0.25)
      (net 10 "Net-(C8-Pad1)"))
    (pad 2 smd roundrect (at 0.7875 0) (size 0.875 0.95) (layers F.Cu F.Paste F.Mask) (roundrect_rratio 0.25)
      (net 6 GND))
    (model ${KISYS3DMOD}/Capacitor_SMD.3dshapes/C_0603_1608Metric.wrl
      (at (xyz 0 0 0))
      (scale (xyz 1 1 1))
      (rotate (xyz 0 0 0))
    )
  )

  (module Capacitor_SMD:C_0805_2012Metric (layer F.Cu) (tedit 5B36C52B) (tstamp 5E545645)
    (at 134.315001 76.495001)
    (descr "Capacitor SMD 0805 (2012 Metric), square (rectangular) end terminal, IPC_7351 nominal, (Body size source: https://docs.google.com/spreadsheets/d/1BsfQQcO9C6DZCsRaXUlFlo91Tg2WpOkGARC1WS5S8t0/edit?usp=sharing), generated with kicad-footprint-generator")
    (tags capacitor)
    (path /5E6E7691)
    (attr smd)
    (fp_text reference C9 (at 0 -1.65) (layer F.SilkS)
      (effects (font (size 1 1) (thickness 0.15)))
    )
    (fp_text value 100nF (at 0 1.65) (layer F.Fab)
      (effects (font (size 1 1) (thickness 0.15)))
    )
    (fp_line (start -1 0.6) (end -1 -0.6) (layer F.Fab) (width 0.1))
    (fp_line (start -1 -0.6) (end 1 -0.6) (layer F.Fab) (width 0.1))
    (fp_line (start 1 -0.6) (end 1 0.6) (layer F.Fab) (width 0.1))
    (fp_line (start 1 0.6) (end -1 0.6) (layer F.Fab) (width 0.1))
    (fp_line (start -0.258578 -0.71) (end 0.258578 -0.71) (layer F.SilkS) (width 0.12))
    (fp_line (start -0.258578 0.71) (end 0.258578 0.71) (layer F.SilkS) (width 0.12))
    (fp_line (start -1.68 0.95) (end -1.68 -0.95) (layer F.CrtYd) (width 0.05))
    (fp_line (start -1.68 -0.95) (end 1.68 -0.95) (layer F.CrtYd) (width 0.05))
    (fp_line (start 1.68 -0.95) (end 1.68 0.95) (layer F.CrtYd) (width 0.05))
    (fp_line (start 1.68 0.95) (end -1.68 0.95) (layer F.CrtYd) (width 0.05))
    (fp_text user %R (at 0 0) (layer F.Fab)
      (effects (font (size 0.5 0.5) (thickness 0.08)))
    )
    (pad 1 smd roundrect (at -0.9375 0) (size 0.975 1.4) (layers F.Cu F.Paste F.Mask) (roundrect_rratio 0.25)
      (net 11 "Net-(C9-Pad1)"))
    (pad 2 smd roundrect (at 0.9375 0) (size 0.975 1.4) (layers F.Cu F.Paste F.Mask) (roundrect_rratio 0.25)
      (net 6 GND))
    (model ${KISYS3DMOD}/Capacitor_SMD.3dshapes/C_0805_2012Metric.wrl
      (at (xyz 0 0 0))
      (scale (xyz 1 1 1))
      (rotate (xyz 0 0 0))
    )
  )

  (module Connector_PinSocket_2.54mm:PinSocket_2x15_P2.54mm_Vertical (layer F.Cu) (tedit 5A19A42E) (tstamp 5E545655)
    (at 91.44 72.39)
    (descr "Through hole straight socket strip, 2x15, 2.54mm pitch, double cols (from Kicad 4.0.7), script generated")
    (tags "Through hole socket strip THT 2x15 2.54mm double row")
    (path /5E512BAE)
    (fp_text reference J3 (at -1.27 -2.77) (layer F.SilkS)
      (effects (font (size 1 1) (thickness 0.15)))
    )
    (fp_text value Conn_02x15_Top_Bottom (at -1.27 38.33) (layer F.Fab)
      (effects (font (size 1 1) (thickness 0.15)))
    )
    (fp_line (start -3.81 -1.27) (end 0.27 -1.27) (layer F.Fab) (width 0.1))
    (fp_line (start 0.27 -1.27) (end 1.27 -0.27) (layer F.Fab) (width 0.1))
    (fp_line (start 1.27 -0.27) (end 1.27 36.83) (layer F.Fab) (width 0.1))
    (fp_line (start 1.27 36.83) (end -3.81 36.83) (layer F.Fab) (width 0.1))
    (fp_line (start -3.81 36.83) (end -3.81 -1.27) (layer F.Fab) (width 0.1))
    (fp_line (start -3.87 -1.33) (end -1.27 -1.33) (layer F.SilkS) (width 0.12))
    (fp_line (start -3.87 -1.33) (end -3.87 36.89) (layer F.SilkS) (width 0.12))
    (fp_line (start -3.87 36.89) (end 1.33 36.89) (layer F.SilkS) (width 0.12))
    (fp_line (start 1.33 1.27) (end 1.33 36.89) (layer F.SilkS) (width 0.12))
    (fp_line (start -1.27 1.27) (end 1.33 1.27) (layer F.SilkS) (width 0.12))
    (fp_line (start -1.27 -1.33) (end -1.27 1.27) (layer F.SilkS) (width 0.12))
    (fp_line (start 1.33 -1.33) (end 1.33 0) (layer F.SilkS) (width 0.12))
    (fp_line (start 0 -1.33) (end 1.33 -1.33) (layer F.SilkS) (width 0.12))
    (fp_line (start -4.34 -1.8) (end 1.76 -1.8) (layer F.CrtYd) (width 0.05))
    (fp_line (start 1.76 -1.8) (end 1.76 37.3) (layer F.CrtYd) (width 0.05))
    (fp_line (start 1.76 37.3) (end -4.34 37.3) (layer F.CrtYd) (width 0.05))
    (fp_line (start -4.34 37.3) (end -4.34 -1.8) (layer F.CrtYd) (width 0.05))
    (fp_text user %R (at -1.27 17.78 90) (layer F.Fab)
      (effects (font (size 1 1) (thickness 0.15)))
    )
    (pad 1 thru_hole rect (at 0 0) (size 1.7 1.7) (drill 1) (layers *.Cu *.Mask)
      (net 8 VIN))
    (pad 2 thru_hole oval (at -2.54 0) (size 1.7 1.7) (drill 1) (layers *.Cu *.Mask)
      (net 8 VIN))
    (pad 3 thru_hole oval (at 0 2.54) (size 1.7 1.7) (drill 1) (layers *.Cu *.Mask)
      (net 6 GND))
    (pad 4 thru_hole oval (at -2.54 2.54) (size 1.7 1.7) (drill 1) (layers *.Cu *.Mask)
      (net 6 GND))
    (pad 5 thru_hole oval (at 0 5.08) (size 1.7 1.7) (drill 1) (layers *.Cu *.Mask)
      (net 18 RST))
    (pad 6 thru_hole oval (at -2.54 5.08) (size 1.7 1.7) (drill 1) (layers *.Cu *.Mask)
      (net 18 RST))
    (pad 7 thru_hole oval (at 0 7.62) (size 1.7 1.7) (drill 1) (layers *.Cu *.Mask)
      (net 7 5V))
    (pad 8 thru_hole oval (at -2.54 7.62) (size 1.7 1.7) (drill 1) (layers *.Cu *.Mask)
      (net 7 5V))
    (pad 9 thru_hole oval (at 0 10.16) (size 1.7 1.7) (drill 1) (layers *.Cu *.Mask)
      (net 30 A7))
    (pad 10 thru_hole oval (at -2.54 10.16) (size 1.7 1.7) (drill 1) (layers *.Cu *.Mask)
      (net 30 A7))
    (pad 11 thru_hole oval (at 0 12.7) (size 1.7 1.7) (drill 1) (layers *.Cu *.Mask)
      (net 31 A6))
    (pad 12 thru_hole oval (at -2.54 12.7) (size 1.7 1.7) (drill 1) (layers *.Cu *.Mask)
      (net 31 A6))
    (pad 13 thru_hole oval (at 0 15.24) (size 1.7 1.7) (drill 1) (layers *.Cu *.Mask)
      (net 32 A5))
    (pad 14 thru_hole oval (at -2.54 15.24) (size 1.7 1.7) (drill 1) (layers *.Cu *.Mask)
      (net 32 A5))
    (pad 15 thru_hole oval (at 0 17.78) (size 1.7 1.7) (drill 1) (layers *.Cu *.Mask)
      (net 33 A4))
    (pad 16 thru_hole oval (at -2.54 17.78) (size 1.7 1.7) (drill 1) (layers *.Cu *.Mask)
      (net 33 A4))
    (pad 17 thru_hole oval (at 0 20.32) (size 1.7 1.7) (drill 1) (layers *.Cu *.Mask)
      (net 34 A3))
    (pad 18 thru_hole oval (at -2.54 20.32) (size 1.7 1.7) (drill 1) (layers *.Cu *.Mask)
      (net 34 A3))
